[Identifier,Name,Type,Parent (1 root),Children [1,2,3],StartBlock,Size]
[0, 'root', 'dir', 0, [2], 0, 0]
[1, 'server1', 'dir', 1, [3], 9999, 0]
[2, 'VirtualMemory', 'dir', 2, [4, 5, 6, 7, 8, 9, 10, 11, 12, 13, 14, 15, 16, 17, 18, 19, 20, 21, 22, 23, 24, 25, 26, 27, 28, 29, 30, 31, 32], 9999, 0]
[3, 1, 'file', 3, [], 0, 1]
[4, 2, 'file', 3, [], 1, 1]
[5, 3, 'file', 3, [], 2, 1]
[6, 4, 'file', 3, [], 3, 1]
[7, 5, 'file', 3, [], 4, 1]
[8, 6, 'file', 3, [], 5, 1]
[9, 7, 'file', 3, [], 6, 1]
[10, 8, 'file', 3, [], 7, 1]
[11, 9, 'file', 3, [], 8, 1]
[12, 10, 'file', 3, [], 9, 2]
[13, 11, 'file', 3, [], 10, 2]
[14, 12, 'file', 3, [], 11, 2]
[15, 13, 'file', 3, [], 12, 2]
[16, 14, 'file', 3, [], 13, 2]
[17, 15, 'file', 3, [], 14, 2]
[18, 16, 'file', 3, [], 15, 2]
[19, 17, 'file', 3, [], 16, 2]
[20, 18, 'file', 3, [], 17, 2]
[21, 19, 'file', 3, [], 18, 2]
[22, 20, 'file', 3, [], 19, 2]
[23, 21, 'file', 3, [], 20, 2]
[24, 22, 'file', 3, [], 21, 2]
[25, 23, 'file', 3, [], 22, 2]
[26, 24, 'file', 3, [], 23, 2]
[27, 25, 'file', 3, [], 24, 2]
[28, 26, 'file', 3, [], 25, 2]
[29, 27, 'file', 3, [], 26, 2]
[30, 28, 'file', 3, [], 27, 2]
[31, 29, 'file', 3, [], 28, 2]

































































































































































































































































































































































































































































































































































































































































































































































































































































































































































































































